name: null
channels:
  - conda-forge
  - bioconda
  - defaults
dependencies:
  - _libgcc_mutex=0.1=conda_forge
  - _openmp_mutex=4.5=2_gnu
  - augustus=3.5.0=pl5321hf46c7bb_1
  - bamtools=2.5.1=hd03093a_10
  - biopython=1.80=py311hd4cff14_0
  - boost-cpp=1.74.0=h75c5d50_8
  - bzip2=1.0.8=h7f98852_4
  - c-ares=1.18.1=h7f98852_0
  - ca-certificates=2022.12.7=ha878542_0
  - cdbtools=0.99=hd03093a_7
  - diamond=2.0.15=hb97b32f_1
  - gmp=6.2.1=h58526e2_0
  - gsl=2.7=he838d99_0
  - htslib=1.16=h6bc39ce_0
  - icu=70.1=h27087fc_0
  - keyutils=1.6.1=h166bdaf_0
  - krb5=1.20.1=hf9c8cef_0
  - ld_impl_linux-64=2.39=hcc3a1bd_1
  - libblas=3.9.0=16_linux64_openblas
  - libcblas=3.9.0=16_linux64_openblas
  - libcurl=7.87.0=h6312ad2_0
  - libdeflate=1.13=h166bdaf_0
  - libedit=3.1.20191231=he28a2e2_2
  - libev=4.33=h516909a_1
  - libffi=3.4.2=h7f98852_5
  - libgcc-ng=12.2.0=h65d4601_19
  - libgfortran-ng=12.2.0=h69a702a_19
  - libgfortran5=12.2.0=h337968e_19
  - libgomp=12.2.0=h65d4601_19
  - libhwloc=2.8.0=h32351e8_1
  - libiconv=1.17=h166bdaf_0
  - liblapack=3.9.0=16_linux64_openblas
  - libnghttp2=1.51.0=hdcd2b5c_0
  - libnsl=2.0.0=h7f98852_0
  - libopenblas=0.3.21=pthreads_h78a6416_3
  - libpng=1.6.39=h753d276_0
  - libsqlite=3.40.0=h753d276_0
  - libssh2=1.10.0=haa6b8db_3
  - libstdcxx-ng=12.2.0=h46fd767_19
  - libuuid=2.32.1=h7f98852_1000
  - libxml2=2.10.3=h7463322_0
  - libzlib=1.2.13=h166bdaf_4
  - lp_solve=5.5.2.5=h14c3975_1001
  - metis=5.1.0=h58526e2_1006
  - mpfr=4.1.0=h9202a9a_1
  - mysql-connector-c=6.1.11=h6eb9d5d_1007
  - ncurses=6.3=h27087fc_1
  - numpy=1.24.1=py311hbde0eaa_0
  - openssl=1.1.1s=h0b41bf4_1
  - perl=5.32.1=2_h7f98852_perl5
  - perl-app-cpanminus=1.7046=pl5321hd8ed1ab_0
  - perl-carp=1.50=pl5321hd8ed1ab_0
  - perl-class-method-modifiers=2.13=pl5321ha770c72_0
  - perl-constant=1.33=pl5321hd8ed1ab_0
  - perl-dbi=1.643=pl5321h166bdaf_0
  - perl-exporter=5.74=pl5321hd8ed1ab_0
  - perl-extutils-makemaker=7.66=pl5321hd8ed1ab_0
  - perl-file-path=2.18=pl5321hd8ed1ab_0
  - perl-file-temp=0.2304=pl5321hd8ed1ab_0
  - perl-file-which=1.24=pl5321hd8ed1ab_0
  - perl-inc-latest=0.500=pl5321ha770c72_0
  - perl-module-build=0.4232=pl5321ha770c72_0
  - perl-moo=2.005004=pl5321ha770c72_0
  - perl-parallel-forkmanager=2.02=pl5321hdfd78af_1
  - perl-parent=0.239=pl5321hd8ed1ab_0
  - perl-role-tiny=2.002004=pl5321ha770c72_0
  - perl-scalar-list-utils=1.63=pl5321h166bdaf_0
  - perl-storable=3.15=pl5321h166bdaf_0
  - perl-sub-quote=2.006006=pl5321ha770c72_0
  - perl-test-fatal=0.016=pl5321ha770c72_0
  - perl-try-tiny=0.31=pl5321ha770c72_0
  - perl-yaml=1.30=pl5321hdfd78af_0
  - pip=22.3.1=pyhd8ed1ab_0
  - python=3.11.0=h582c2e5_0_cpython
  - python_abi=3.11=3_cp311
  - readline=8.1.2=h0f457ee_0
  - setuptools=65.6.3=pyhd8ed1ab_0
  - sqlite=3.40.0=h4ff8645_0
  - suitesparse=5.10.1=h9e50725_1
  - tar=1.34=hb2e2bae_1
  - tbb=2021.7.0=h924138e_1
  - tk=8.6.12=h27826a3_0
  - tzdata=2022g=h191b570_0
  - ucsc-fatotwobit=377=ha8a8165_5
  - ucsc-twobitinfo=377=ha8a8165_3
  - wheel=0.38.4=pyhd8ed1ab_0
  - xz=5.2.6=h166bdaf_0
  - zlib=1.2.13=h166bdaf_4
  - zstd=1.5.2=h6239696_4
prefix: /software/assembly/conda/augustus3.5.0
