name: /software/assembly/conda/repeatmasker-4.1.5-0
channels:
  - conda-forge
  - bioconda
  - defaults
dependencies:
  - _libgcc_mutex=0.1=conda_forge
  - _openmp_mutex=4.5=2_gnu
  - bzip2=1.0.8=h7f98852_4
  - c-ares=1.20.1=hd590300_0
  - ca-certificates=2023.7.22=hbcca054_0
  - cached-property=1.5.2=hd8ed1ab_1
  - cached_property=1.5.2=pyha770c72_1
  - entrez-direct=16.2=he881be0_1
  - gettext=0.21.1=h27087fc_0
  - h5py=3.10.0=nompi_py312h819072b_100
  - hdf5=1.14.2=nompi_h4f84152_100
  - hmmer=3.3.2=hdbdd923_4
  - keyutils=1.6.1=h166bdaf_0
  - krb5=1.21.2=h659d440_0
  - ld_impl_linux-64=2.40=h41732ed_0
  - libaec=1.1.2=h59595ed_1
  - libblas=3.9.0=18_linux64_openblas
  - libcblas=3.9.0=18_linux64_openblas
  - libcurl=8.4.0=hca28451_0
  - libedit=3.1.20191231=he28a2e2_2
  - libev=4.33=h516909a_1
  - libexpat=2.5.0=hcb278e6_1
  - libffi=3.4.2=h7f98852_5
  - libgcc-ng=13.2.0=h807b86a_2
  - libgfortran-ng=13.2.0=h69a702a_2
  - libgfortran5=13.2.0=ha4646dd_2
  - libgomp=13.2.0=h807b86a_2
  - libidn2=2.3.4=h166bdaf_0
  - liblapack=3.9.0=18_linux64_openblas
  - libnghttp2=1.52.0=h61bc06f_0
  - libnsl=2.0.0=hd590300_1
  - libopenblas=0.3.24=pthreads_h413a1c8_0
  - libsqlite=3.43.2=h2797004_0
  - libssh2=1.11.0=h0841786_0
  - libstdcxx-ng=13.2.0=h7e041cc_2
  - libunistring=0.9.10=h7f98852_0
  - libuuid=2.38.1=h0b41bf4_0
  - libzlib=1.2.13=hd590300_5
  - ncurses=6.4=hcb278e6_0
  - numpy=1.26.0=py312heda63a1_0
  - openssl=3.1.3=hd590300_0
  - pcre=8.45=h9c3ff4c_0
  - perl=5.32.1=4_hd590300_perl5
  - perl-archive-tar=2.40=pl5321hdfd78af_0
  - perl-carp=1.50=pl5321hd8ed1ab_0
  - perl-common-sense=3.75=pl5321hd8ed1ab_0
  - perl-compress-raw-bzip2=2.201=pl5321h166bdaf_0
  - perl-compress-raw-zlib=2.202=pl5321h166bdaf_0
  - perl-encode=3.19=pl5321h166bdaf_0
  - perl-exporter=5.74=pl5321hd8ed1ab_0
  - perl-exporter-tiny=1.002002=pl5321hd8ed1ab_0
  - perl-extutils-makemaker=7.70=pl5321hd8ed1ab_0
  - perl-io-compress=2.201=pl5321hdbdd923_2
  - perl-io-zlib=1.14=pl5321hdfd78af_0
  - perl-json=4.10=pl5321hdfd78af_0
  - perl-json-xs=2.34=pl5321h4ac6f70_6
  - perl-list-moreutils=0.430=pl5321hdfd78af_0
  - perl-list-moreutils-xs=0.430=pl5321h031d066_2
  - perl-parent=0.241=pl5321hd8ed1ab_0
  - perl-pathtools=3.75=pl5321h166bdaf_0
  - perl-scalar-list-utils=1.63=pl5321h166bdaf_0
  - perl-storable=3.15=pl5321h166bdaf_0
  - perl-types-serialiser=1.01=pl5321hdfd78af_0
  - pip=23.2.1=pyhd8ed1ab_0
  - python=3.12.0=hab00c5b_0_cpython
  - python_abi=3.12=4_cp312
  - readline=8.2=h8228510_1
  - repeatmasker=4.1.5=pl5321hdfd78af_0
  - rmblast=2.14.1=h4565617_0
  - setuptools=68.2.2=pyhd8ed1ab_0
  - tk=8.6.13=h2797004_0
  - trf=4.09.1=h031d066_4
  - tzdata=2023c=h71feb2d_0
  - wget=1.20.3=ha35d2d1_1
  - wheel=0.41.2=pyhd8ed1ab_0
  - xz=5.2.6=h166bdaf_0
  - zlib=1.2.13=hd590300_5
  - zstd=1.5.5=hfc55251_0
prefix: /software/assembly/conda/repeatmasker-4.1.5-0
